,"A","F","M"
"S1",52,42,6
"S2",52,44,4
"S3",47,48,5
"S4",45,49,6
"S5",40,50,10
"S6",37,54,9
"S7",27,58,15
"S8",27,54,19
"S9",23,59,18
"S10",22,59,19
"S11",21,60,19
"S12",25,53,22
"S13",24,54,22
"S14",22,55,23
"S15",22,56,22
"S16",20,58,22
"S17",16,62,22
"S18",17,57,26
"S19",14,54,32
"S20",13,55,32
"S21",13,52,35
"S22",14,47,39
"S23",24,56,20
